numStates 470
numActions 4
0.0
7.929837217739939e+23
8.009936583575695e+23
1.6181690067829686e+24
8.009936583575695e+23
2.6432790725799793e+23
1.3084231409270897e+23
4.317796365059396e+22
2.1373092007044008e+22
1.0579680543486784e+22
7.781686889606867e+19
3.851935010355399e+19
1.9067078301259227e+19
9.438203759123317e+18
3.1146072405106944e+18
1.5417305840527936e+18
7.631566391061329e+17
3.7776253635753574e+17
1.869924554969802e+17
9.25612654710052e+16
4.5817826408147576e+16
1619630730885.9907
7059491585.597193
7130799581.411305
14405655720.022839
5e+26
4.903542444796874e+24
1.3084231409270897e+23
2.1373092007044008e+22
5.236941869025958e+21
1.5720579574963365e+20
9.438203759123317e+18
2.267982407203305e+16
1635990637258.5764
29102334787.924927
2.475e+26
1.225125e+26
4.0429125e+25
2.0012416875e+25
9.906146353125e+24
1.2953389095178188e+23
1.0579680543486784e+22
2.5922862251678494e+21
1.2831816814580854e+21
3.175874661608761e+20
1.5720579574963365e+20
7.781686889606867e+19
3.851935010355399e+19
1.9067078301259227e+19
1.2466163699798682e+17
3.054521760543172e+16
1.1226512915656358e+16
3305031590421.3667
28811311440.045677
29102334787.924927
58792595531.16147
2.0012416875e+25
3.4912945793506387e+21
3.4563816335571325e+21
1.5720579574963365e+20
1.2592084545251194e+17
3.0853755157001736e+16
5557123893249897.0
6676831495800.741
178159380397.45898
1.2136267550872264e+24
2.451771222398437e+24
4.9530731765625e+24
2.451771222398437e+24
8.090845033914843e+23
4.0049682917878475e+23
1.9824593044349846e+23
1.7281908167785662e+21
1.9067078301259227e+19
1.9259675051776995e+19
3.890843444803433e+19
1.9259675051776995e+19
6.355692767086409e+18
3.1460679197077724e+18
1.5573036202553475e+18
7.708652920263969e+17
2.5438554636871098e+17
1.2592084545251194e+17
6.233081849899341e+16
2750776327158699.0
13488548476365.135
2203354393614.2446
1090660424839.051
359917940196.88684
6.007452437681771e+23
2.451771222398437e+24
4.0049682917878475e+23
9.813173556953173e+22
8.554544543053903e+20
1.9259675051776995e+19
3.1460679197077724e+18
1361634281943556.0
27249592881545.727
4451220997200.494
178159380397.45898
2.9736889566524766e+23
2.427253510174453e+24
1.9824593044349846e+23
9.813173556953173e+22
3.238347273794547e+22
2.822999699207788e+20
1.397384851107855e+20
1.3834110025967765e+20
9.533539150629614e+18
1.5573036202553475e+18
7.708652920263969e+17
3.815783195530665e+17
1.2592084545251194e+17
1.2466163699798682e+17
407522418838325.8
449339313041373.5
222422959955479.88
55049682588981.266
27249592881545.727
8992365650910.09
88188893296.7422
1.471976033542976e+23
1.6029819005283007e+22
1.397384851107855e+20
4.719101879561658e+18
6.233081849899341e+16
411638806907399.8
222422959955479.88
27249592881545.727
4451220997200.494
43653502181.88739
7.286281366037731e+22
3.175874661608761e+20
6.415908407290427e+20
1.2961431125839247e+21
2.618470934512979e+21
5.289840271743392e+21
1.3834110025967765e+20
2.861837396647999e+17
5.781489690197978e+17
1.1679777151915105e+18
5.781489690197978e+17
1.9078915977653325e+17
9.444063408938395e+16
3.1165409249496704e+16
2.0569170104667824e+16
6787826134540381.0
3359973936597488.5
831593549307878.4
411638806907399.8
203761209419162.9
26977096952730.27
4406708787228.489
43216967160.06852
3.606709276188677e+22
1.5720579574963365e+20
1.7456472896753193e+21
1.7281908167785662e+21
1.4166095113407595e+17
5.781489690197978e+17
9.444063408938395e+16
1.5426877578500868e+16
3359973936597488.5
411638806907399.8
1.785321091713395e+22
7.781686889606867e+19
8.474257022781879e+18
8.640954083892831e+20
2.290891320407379e+16
2.3140316367751304e+16
4.674811387424506e+16
2.861837396647999e+17
4.674811387424506e+16
7636304401357930.0
3779970678672175.5
1871085485942726.8
135840806279441.94
67241199108323.76
22189595705746.84
10983849874344.686
5437005687800.619
2691317815461.3066
1332202318653.3467
659440147733.4066
326422873128.03625
8.837339403981305e+21
3.851935010355399e+19
8.559855578567555e+18
4.2772722715269516e+20
2.3140316367751304e+16
1.4166095113407595e+17
2.3140316367751304e+16
67241199108323.76
10983849874344.686
161579322198.37793
4.374483004970746e+21
1.9067078301259227e+19
1.7292637532459706e+19
5.2401931916544565e+19
1.0586248872029205e+20
5.2401931916544565e+19
2.593895629868956e+19
2.290891320407379e+16
4.674811387424506e+16
2.3140316367751304e+16
7636304401357930.0
1332202318653.3467
1345658907730.6533
2718502843900.3096
8237887405758.515
16642196779310.13
8237887405758.515
2718502843900.3096
1345658907730.6533
666101159326.6733
329720073866.7033
163211436564.01813
79981764488.19707
2.1653690874605192e+21
9.438203759123317e+18
8.559855578567555e+18
5.2401931916544565e+19
1.2839783367851332e+19
2.3140316367751304e+16
3779970678672175.5
1345658907730.6533
8237887405758.515
1345658907730.6533
80789661099.18896
39590973421.65755
1.0718576982929569e+21
4.671910860766042e+18
4.2371285113909396e+18
2.593895629868956e+19
4.237128511390939e+18
2.097378613138515e+18
1.0382024135035649e+18
1.1454456602036896e+16
1871085485942726.8
244817154846.02722
247290055400.0275
499575869495.00507
2018488361595.98
4077754265850.465
666101159326.6733
329720073866.7033
326422873128.03625
26660588162.732353
13196991140.552515
13065021229.14699
5.305695606550137e+20
2.312595876079191e+18
2.0973786131385152e+18
1.2839783367851332e+19
2.097378613138515e+18
5.1391019468426464e+17
5669956018008263.0
617458210361099.8
611283628257488.8
247290055400.0275
13196991140.552515
6467185508.42776
2.6263193252423175e+20
2.2894699173183992e+18
1.038202413503565e+18
6.355692767086409e+18
2.0764048270071299e+18
2.54385546368711e+17
5613256457828180.0
305641814128744.4
39990882244.09853
40394830549.59448
81605718282.00906
40394830549.59448
19995441122.049267
784387953.9552433
792311064.6012559
1600628413.3358705
3233592754.21388
6532510614.573495
3201256826.671741
1.3000280659949471e+20
8.499657068044553e+17
3.1460679197077724e+18
1.2592084545251195e+17
151292697993728.47
9897743355.414387
1584622129.2025118
4.2900926177833255e+19
2.1235958458027463e+19
1.0511799436723593e+19
5.203340721178179e+18
1.7171024379887987e+18
1.5573036202553475e+18
7.708652920263969e+17
3.815783195530665e+17
1.2466163699798683e+17
1375388163579349.8
49926590337930.39
24713662217275.543
12233262797551.395
6055465084787.94
5994910433940.061
3266255307.2867475
1616796377.10694
800314206.6679353
62789994.90512253
63424237.27790155
128129772.278589
258848024.8052303
522925302.6368289
2.1235958458027463e+19
8.499657068044553e+17
1.888812681787679e+17
1389280973312474.5
24713662217275.543
1616796377.10694
396155532.30062795
258848024.8052303
1.0511799436723593e+19
1.3745347922444269e+17
1.3884189820650776e+17
2.8048868324547024e+17
2.290891320407379e+16
2.3140316367751304e+16
4.674811387424506e+16
2.3140316367751304e+16
1.1454456602036896e+16
5669956018008263.0
2806628228914090.0
8155508531700.93
4036976723191.96
1998303477980.0203
14698148882.790369
7275583696.981233
2400942620.0038066
392193976.9776217
5128372.833875882
10360349.159345217
20929998.30170751
63424237.27790155
128129772.278589
3.4688938141187855e+18
3.4342048759775974e+18
1.3884189820650776e+17
2.3140316367751304e+16
4036976723191.96
989160221600.11
29693230066.24317
1188466596.9018843
2538544.552768562
10360349.159345217
1.7171024379887987e+18
2997455216970.03
6.872673961222134e+16
3.4019736108049564e+16
1.6839769373484534e+16
8335685839874844.0
5727228301018448.0
2834978009004131.5
935542742971363.2
463093657770824.8
458462721193116.56
1332202318653.3467
659440147733.4066
244817154846.02722
121184491648.78348
59986323366.14782
588290965.4664327
307893.40512584784
311003.4395210584
628289.776810219
1692363.035179041
3418915.2225839216
67059.18363640965
8.499657068044553e+17
3027732542393.9697
2834978009004131.5
463093657770824.8
659440147733.4066
121184491648.78348
291204027.9058842
311003.4395210584
1692363.035179041
67736.54912768652
8.414660497364108e+17
6116631398775.696
18535246662956.656
37444942753447.79
113469523495296.34
229231360596558.28
463093657770824.8
935542742971363.2
229231360596558.28
159963528976.39413
161579322198.37793
326422873128.03625
119972646732.29564
52979058.20119712
53514200.20322941
108109495.36005943
53514200.20322941
52979058.20119712
307893.40512584784
837719.7024136253
414671.2526947445
136841.5133892657
3027732542393.9697
18535246662956.656
463093657770824.8
113469523495296.34
436806041.858826
67736.54912768652
244817154846.02716
494580110800.0549
999151738990.0099
9174947098163.545
179958970098.44345
229231360596558.28
56167414130171.69
27802869994434.984
27524841294490.633
269938455147.66507
33070834986.278316
16370063318.207766
5402120895.008562
2674049843.029238
882436448.1996485
8654129.157165552
4283793.932796948
2120477.996734489
1049636.6083835722
1039140.2422997365
33529.591818204826
121184491648.78345
494580110800.0549
4541598813590.955
181776737473.1752
113469523495296.34
272665106209.7627
66809767649.047104
2674049843.029238
436806041.858826
17483089.206395052
16597.14795001139
119972646732.29561
367225732269.04083
741870166200.0825
1498727608485.0151
741870166200.0825
367225732269.04083
56167414130171.69
27802869994434.984
13762420647245.316
6812398220386.432
3372137119091.2837
1669207873950.1853
550838598403.561
272665106209.7627
134969227573.83253
1323654672.2994728
655209062.788239
216218990.72011888
107028400.40645884
35319372.13413142
17483089.206395052
17308258.314331103
4026.049014687025
4066.716176451541
8215.588235255638
0
1
1
2
3
3
3
3
3
3
2
3
3
3
2
3
3
3
3
3
3
2
1
1
2
0
2
0
0
0
2
2
0
2
2
0
3
3
3
3
0
0
0
3
3
3
3
3
3
2
2
0
2
1
1
2
0
0
3
0
2
2
0
2
2
1
1
0
3
3
3
3
0
1
1
0
3
3
3
3
3
3
3
3
0
2
2
3
3
0
0
0
0
0
0
0
0
2
2
0
0
0
0
3
0
0
3
3
0
0
3
3
3
3
2
0
3
3
3
3
0
0
0
0
0
0
2
0
0
0
0
0
1
1
1
1
0
0
1
1
0
3
3
3
3
0
3
3
3
3
3
0
0
0
0
0
0
3
0
0
0
0
0
0
0
0
2
0
1
1
0
0
0
0
3
3
0
3
3
3
3
3
3
3
3
0
0
2
0
0
0
0
0
0
0
0
0
1
1
0
3
3
0
0
3
0
1
1
1
1
0
3
0
3
3
3
3
0
0
0
0
0
0
0
0
0
0
0
0
0
0
0
0
0
0
3
3
0
0
1
1
1
1
0
0
3
3
0
3
0
0
0
0
0
0
0
0
0
3
0
0
0
0
0
0
0
0
0
0
0
1
1
0
3
3
1
1
1
1
0
0
0
2
0
0
0
0
0
0
3
3
3
3
0
3
3
0
2
0
3
3
3
3
0
3
3
1
1
1
1
0
0
0
0
2
0
0
0
0
0
1
1
0
1
1
0
3
3
3
3
0
3
3
2
3
3
0
1
1
1
1
0
0
3
0
0
0
0
2
0
0
0
0
2
0
3
3
3
0
3
3
3
3
0
3
0
3
3
0
1
1
0
1
0
2
0
2
0
0
0
0
0
0
0
2
0
1
1
1
1
1
1
0
0
1
1
0
0
1
1
2
3
3
0
0
3
3
0
0
0
0
2
0
1
1
0
0
2
0
0
3
3
2
2
3
3
3
3
2
3
3
3
3
0
0
0
0
2
0
2
2
0
0
2
0
0
1
1
0
3
3
0
3
3
3
3
3
3
3
3
0
3
3
3
3
3
3
1
1
0