Episode = 0

[[[-100.0, -83.8383404750727, -83.76149060037349], [-84.17703284698578, -84.67772910977313, -100.0], [92.41564356717214, 78.5291580160314, 33.277255070339194], [61.477538073306825, 96.06713509622207, 57.75237932445507], [94.9170134283641, 25.519744572428372, 17.94009009001408], [69.61342235127319, 15.89993336241664, 10.047750436592228], [33.49805745949838, 24.407907156668095, 97.62835594834358], [50.466207446237036, 40.222664936341054, 20.86651088700704]], [[9.878594309234668, 78.1062712182971, 84.34052547569588], [88.05520581072169, 82.843651381735, 39.85439167963193], [33.27053378825854, 44.333186351031415, 78.04182360138739], [21.016443703399933, 5.248325672553122, 70.7542852702046], [27.70799451110546, 35.95373048777519, 95.94885158822139], [63.922255672916904, 29.811449187523852, -99.99999999999999], [1.545481300251117, -100.0, 67.10134291631286], [1.068746603522286, 44.438899784593744, 47.362224002365174]], [[57.31952867910039, 72.12554908991177, 13.20861986796923], [34.48144325377807, 89.6104069143285, 52.975670311038456], [51.550452553220374, 66.5446834276085, 13.851553939620754], [60.32336249417886, 12.13390468478095, 69.63210612971791], [14.583272146998283, 0.6207211271116897, 72.22368715246455], [49.83188182976706, 23.570952941622615, 48.76440370893226], [65.3277409280198, 37.066114538104344, 63.74733452275427], [63.61423204512503, 93.88811331427327, 27.996497511013175]]]



[[[-17.066848896767674, -17.581844922940576, -17.9240480778325, -17.819868137543462, -100.0], [-17.868930020352902, -17.935253236398466, -16.952205441840306, -17.565823293554853, -99.99999999999994], [27.99199563564003, 54.687681412525116, 83.57021779518392, 48.311194401430235, 500], [3.002717738347871, 55.463743258994725, 48.63207909328441, 18.26114008078319, 500], [97.41079460514725, 49.535736868873734, 1.860920257191978, 49.63946097377028, 500], [59.1685297511925, 33.42249040739591, 61.31072792242846, 66.40469617140883, 500], [92.94320179066425, 63.79300523222603, 11.22880189583274, 90.87575883402873, 497.0015], [6.211753571477918, 56.538596212299844, 25.577019929668598, 55.21548876340504, 500]], [[96.93150958235066, 88.83805680926083, 39.773693486224694, 49.16142801763935, 500], [98.99360361905063, 86.69549607504528, 99.87062166687278, 21.252133134433826, 500], [49.54005465840694, 56.660577218249564, 74.01969827580851, 37.009524678959046, 497.0015], [27.69227246681559, 33.14945028912326, 2.731579746178703, 29.467114244191972, 500], [22.05543983668238, 11.164074838446258, 53.629628069590815, 75.79915360580462, 500], [95.31950028239189, 30.39987402794114, 2.112590611138243, 1.8814964907533205, -100.0], [21.711951533569586, 45.119154281829935, 50.10475087071307, 65.77990522824358, -99.99999999999994], [85.12778933926856, 69.12132214366267, 15.870412848965454, 76.58595548221015, 500]], [[55.6364951219677, 35.26450387041, 79.41051580801259, 92.34712384829837, 500], [58.70307199558501, 45.01321374268773, 23.09281995784247, 51.41784715445561, 58.34889593456711], [21.325780342287015, 31.61655549026524, 61.840336223582945, 93.52440920265673, 452.7366136392903], [82.88400881542458, 25.47963726320449, 25.227728628070167, 64.5264889224668, 500], [79.98670971696899, 66.30841562097801, 77.7367300728295, 53.93119441847881, 500], [29.57831594419986, 64.5810168071306, 31.523127465803668, 91.44824179498407, 500], [66.80247755465662, 71.677919738544, 66.8595506951819, 62.88381747811223, 498.5], [44.493736482090604, 24.233765463152668, 83.96137914712367, 99.50949010405057, 500]]]



Episode = 40

[[[-157.5100433141581, -127.48551733375959, -140.4820163587964], [-165.89713175504966, 2.724246088855431, -100.9], [-100.0, -167.56450338867128, -108.06767548671334], [-6.566569440040894, -100.0, -100.0], [94.9170134283641, 25.519744572428372, 17.94009009001408], [-12.640000050972464, 3.7759605617510337, 2.593555322623372], [-108.06767548671334, -89.97222401194603, 6.597089393146277], [-127.48551733375959, -131.83937332304725, -131.83937332304723]], [[151.6767204198591, -128.35803181642586, -121.35341207473277], [-119.59347944013359, -308.2233277330683, -100.9], [-0.5850509969438384, -113.40590827419821, 12.140288587469769], [-101.79910000000001, -116.0630316536945, -116.06303165369451], [-100.0, -100.89999999999999, -99.99999999999999], [-128.35803181642584, -119.59347944013359, -100.0], [-111.63005675765677, -113.40590827419821, -112.51842670089911], [-22.342846836336662, -67.70273267212161, -102.69730090000002]], [[-181.60325968360675, -184.0559955327318, -175.0265250000949], [-157.5100433141581, -158.35253327084394, -138.76039839518833], [-108.06767548671334, -308.22332773306834, -237.40162416381148], [-126.61212946322283, -126.61212946322281, -100.0], [-115.17820986355808, -153.28492663514947, -116.94696862204083], [-100.9, -175.8514984750948, -175.0265250000949], [2.790515024244897, -128.0416942381383, -147.66452862088116], [-189.75049726940802, -190.5607467721386, -189.75049726940804]]]



[[[-126.61212946322281, -126.61212946322281, -123.98671677739138, -123.10982660399537, -122.23205866265798], [-129.22967378460936, -130.10044411082475, 37.875130883702084, -132.70753394972417, 41.824739659271444], [-100.9, -129.22967378460942, -102.69730090000002, -100.0, 21.839442997334526], [3.002717738347871, -101.79910000000004, 17.242878940702408, 42.10080711249419, -100.0], [97.41079460514725, 49.535736868873734, 1.860920257191978, 49.63946097377028, 500], [51.79704954082218, 33.42249040739591, 50.731369283796504, 10.643494191975172, 51.77655554820904], [4.818804327757576, -56.46144629572289, -25.5888583497547, 185.1529552376877, -26.782905934543606], [6.211753571477918, 84.41632562518298, 23.52689146682919, -39.20245282660429, -39.10026223015501]], [[-101.79909999999998, -27.518909386716444, -101.79910000000004, -30.083017285942617, 477.804461152636], [19.210650120298098, 16.644068101431913, -69.67130122821686, -100.70312283815815, 18.501172656624757], [0.007515417240234967, -11.033968355496945, 34.57175990265436, 18.551804868174987, 77.22129278627685], [-103.59460359909995, 1.728848166432524, 12.105483235714347, 8.50909821544552, -100.9], [-100.9, 11.164074838446258, -100.0, -100.0, 10.997480324267443], [-107.17485033705042, -108.06767548671334, -108.06767548671334, -108.06767548671336, -100.0], [-106.28113146851891, -105.38651798650541, -105.38651798650541, -106.28113146851886, -106.28113146851892], [-102.69730090000002, -27.74317027749039, -31.403461950876533, 373.5808358748419, -13.925560345844865]], [[-112.53369496453058, -112.3047311137678, -117.83002165341878, -99.46429253757019, -112.51842670089911], [-113.40590827419823, -111.63005675765677, -111.63005675765677, -112.17001390150142, -119.59347944013354], [-82.34012307203035, -108.95960781122665, -105.38651798650541, -104.4910089955009, -104.4910089955009], [-108.06767548671333, -108.06767548671331, -106.65798250809966, -100.0, -49.83845660785678], [-104.49100899550089, -104.4910089955009, -119.59347944013362, -34.11958295516501, -104.49100899550092], [-102.69730090000002, -68.39323304707433, -68.9126754803434, -100.9, -68.5516694393365], [-102.69730090000002, -103.5946035991, 6.620667342240168, -70.29559807979915, -69.39883817235823], [-115.17820986355808, -113.57555910689138, -112.79835779997387, -112.68824735424562, -113.31518717159189]]]



Episode = 80

[[[-180.7840437273341, -100.0, -181.407275057386], [-160.03498655683552, -100.0, -139.62163799679317], [-105.38651798650541, -142.20019280809515, -174.20072572582072], [-174.20072572582075, 23.469730603028097, 4.785977841523984], [-100.0, -107.17485033705039, -130.1004441108248], [-104.49100899550092, -180.78404372733408, -175.8514984750948], [-106.2811314685189, -161.71407661870842, -162.5523625420897], [-175.8514984750948, -175.34618171361782, -166.5316885358301]], [[73.66869657277601, -26.357661088312298, -123.98671677739136], [-162.55236254208967, -157.51004331415808, -150.7396926447455], [-100.9, -148.1868076554757, -129.22967378460942], [-178.32147235831343, -160.87495157027865, -127.48551733375957], [-100.0, -122.23205866265803, -123.98671677739138], [-129.22967378460942, -118.71219163176536, -102.69730090000002], [-100.0, -138.76039839518836, -138.7603983951884], [-131.83937332304725, -132.70753394972417, 41.784168783847]], [[122.3146177703693, -282.68555212287436, -139.62163799679314], [-316.47914238888774, -182.42165642392317, -115.17820986355808], [-100.0, -205.00746715696303, -149.88958222697244], [-124.86273006061398, -216.8492415724811, -137.89829669188023], [-334.69627708106253, -100.0, -334.41691748979497], [-245.03638182782913, -240.41274931791762, -174.20072572582075], [-345.916409891585, -100.9, -294.9472082455744], [141.74238461506314, -65.22287468533646, -113.40590827419824]]]



[[[-154.97751006680582, -154.97751006680582, -104.09440111974698, -100.0, -161.7140766187084], [-140.48201635879636, -140.48201635879633, -139.62163799679317, -140.48201635879633, -100.0], [-116.94696862204083, -129.22967378460942, -118.71219163176536, -5.988282749434929, -104.4910089955009], [-118.71219163176538, -112.51842670089911, 39.190174403201084, -111.6300567576568, 95.21707042673157], [-114.292502365924, 0.8590593369347843, 33.90242595892134, -103.59460359910008, -100.0], [-111.63005675765677, -122.23205866265803, -112.57052505356899, -105.38651798650541, -108.95960781122663], [-120.47388596069347, -121.35341207473277, -117.63685168167046, -122.23205866265803, 3.103018279370872], [-94.16816199240702, -122.23205866265803, -112.5184267008991, -156.6667100241823, -82.46032239332781]], [[-101.79909999999998, -102.69730090000004, 38.13947029472929, -104.4910089955009, -62.860529705270714], [-96.0090832242619, -105.38651798650541, -104.4910089955009, -131.83937332304725, -164.22642036936801], [-132.7075339497242, -141.3415343424376, -107.17485033705039, -117.22402928493017, -170.05931340445093], [-115.1782098635581, -105.38651798650535, -114.29250236592401, -105.38651798650541, -104.4910089955009], [-104.4910089955009, -106.28113146851891, -100.0, -105.38651798650542, -20.331872197360223], [-115.17820986355808, -114.29250236592404, -115.17820986355808, -115.17820986355808, -102.69730090000002], [-121.35341207473277, -121.35341207473273, -121.35341207473279, -122.23205866265803, -100.0], [-121.35341207473276, -112.51842670089911, -112.51842670089911, -112.51842670089911, -42.30565443981175]], [[-189.75049726940807, -177.17606897929764, -132.54650154619176, 120.46014643282707, -205.80245968980603], [-178.3356085440753, -179.96400773506912, -180.78404372733414, -180.78404372733414, -115.17820986355808], [-184.05599553273174, -181.60325968360678, -170.8892540910465, -100.0, -110.74079755521198], [-168.39693888528262, -184.05599553273174, -160.87495157027868, -119.59347944013359, -186.03043583786035], [-204.21167883579886, -181.60325968360678, -182.42165642392314, -183.23923476749925, -100.0], [-170.05931340445093, -203.08084566295022, -203.41509392972853, -203.41509392972853, -138.76039839518836], [-181.60325968360675, -179.96400773506917, -179.88009721717893, -100.9, -134.4412515893587], [-202.61771164136994, -202.61771164136994, -136.1715035274316, 57.736651214628075, -62.45211333958153]]]



Episode = 120

[[[-179.96400773506917, -196.01736489320515, -116.06303165369452], [-145.62624866836103, -118.04842909793093, -100.0], [-102.69730090000002, -100.0, -101.79910000000001], [-164.22642036936801, -175.02652500009492, 4.785977841523984], [-100.0, -107.17485033705039, -175.02652500009492], [-103.02255730447087, -123.98671677739141, -197.816628129083], [-192.98663702350177, -130.970343666714, -102.69730090000002], [-128.3580318164258, -105.38651798650537, 32.82554249402765]], [[-101.79910000000001, -174.20072572582075, -138.76039839518836], [-105.38651798650542, -361.16707395292457, -191.37018602536648], [-238.48398146531272, -235.43028697397253, -100.9], [-244.5548297567048, -244.55482975670486, -111.63005675765677], [-101.79910000000001, -151.58895295210073, -150.73969264474547], [-51.43736399914863, -152.43736399914863, -151.58895295210073], [-100.0, -161.7140766187084, -160.87495157027868], [-101.79910000000001, -144.77101968804905, -143.91493462267175]], [[-439.31564196070883, -336.69019300395433, -61.01677371970837], [-125.73786733055337, -165.06219394899864, -439.876326318748], [-146.48062241969268, -340.0001155706468, -219.97714883346055], [-331.1996337182142, -100.0, -273.46424883483303], [-133.57482641577448, -132.7075339497242, -252.075376921444], [-196.2098516224764, -126.61212946322281, -312.80195287557024], [-96.01364177085387, -297.0602521675152, -196.20985162247635], [-299.14519262746757, -183.28632843266166, -284.28632843266166]]]



[[[-154.97751006680582, -154.97751006680582, 38.00519881095727, -129.7151782805024, -127.48551733375959], [-140.48201635879636, -140.48201635879633, -144.77101968804902, -126.66340046497184, -100.0], [-146.48062241969268, -133.57482641577448, -133.57482641577448, -100.0, -102.69730090000002], [-118.71219163176538, -112.51842670089911, 39.190174403201084, -111.6300567576568, 93.02773150294855], [-114.292502365924, 0.8590593369347843, 33.90242595892134, -103.59460359910008, -139.62163799679317], [-130.97034366671397, -151.58895295210073, -130.1004441108248, -130.97034366671397, -123.10982660399537], [-130.97034366671397, -130.1004441108248, -130.7800510493241, -133.57482641577448, -101.79910000000001], [-157.5100433141581, -122.23205866265803, -116.0630316536945, -133.46427083410583, -108.06767548671333]], [[-131.83937332304725, -121.35341207473277, -101.79910000000001, -108.06767548671337, -108.06767548671334], [-165.89713175504963, -174.20072572582072, -198.6188115009539, -104.4910089955009, -166.73123462329457], [-208.1826705123132, -207.39006057288614, -209.76551335395914, -100.9, -207.84801908927201], [-191.71115788661083, -162.55236254208967, -165.06219394899864, -111.63005675765677, -109.8506482034154], [-124.86273006061398, -124.86273006061398, -124.862730060614, -124.86273006061398, -101.79910000000001], [-149.03862084782025, -149.03862084782025, -149.03862084782025, -48.038620847820255, -148.18680765547572], [-149.03862084782025, -149.03862084782028, -149.03862084782028, -149.03862084782023, -100.0], [-128.3580318164258, -127.48551733375959, -127.48551733375959, -101.79910000000001, -128.3580318164258]], [[-248.32450870689414, -248.3245087068941, -217.63239233090854, -61.016773719708425, -135.30681033776938], [-250.28306807345257, -254.31690776473508, -217.63239233090863, -223.86947065711075, -135.30681033776935], [-145.62624866836103, -237.7217031684812, -238.4839814653128, -237.73481743062123, -237.72170316848124], [-217.63239233090863, -216.84924157248108, -217.6323923309086, -216.84924157248108, -100.0], [-211.34519209276456, -209.76551335395914, -212.05322817471543, -131.83937332304725, -129.22967378460942], [-212.9217130537711, -213.7087913407173, -114.29250236592401, -201.81953117254247, -202.4432945743063], [-222.31487809842943, -222.76657165030252, -62.38981017954757, -104.4910089955009, -162.55236254208967], [-202.61771164136994, -202.61771164136994, -173.37409982564634, -137.03533202390415, -36.03533202390415]]]



Episode = 160

[[[-134.4412515893587, -180.7840437273341, -100.9], [-147.334141797273, -108.95960781122663, -2.5946035991000116], [-108.06767548671334, -137.89829669188023, -205.00746715696306], [-116.06303165369452, -113.40590827419821, -322.36043996660146], [-100.9, -117.83002165341878, -176.67564697661973], [-323.283674405542, -104.49100899550092, -233.89885077667512], [-358.7210155214972, -195.4052568793557, -6.376749337050388], [-167.56450338867126, -168.3969388852826, -167.56450338867126]], [[-272.7369858206536, -201.02055172426674, -100.9], [-407.00490692290265, -103.59460359910001, -260.26153508213173], [-407.94180450535555, -105.38651798650542, -236.19485668699852], [-113.40590827419823, -255.8075282661133, -255.80752826611337], [-157.5100433141581, -109.8506482034154, -100.9], [-100.0, -209.76551335395914, -178.32147235831343], [-115.17820986355808, -226.19553462968187, -230.8267698194101], [-161.71407661870836, -160.87495157027868, -70.99471572276309]], [[-129.4452589058149, -199.42019268945296, -399.8424955264676], [-173.37409982564634, -219.0093631137022, -112.51842670089913], [-135.30681033776935, -463.46269650687924, -111.06018865804299], [-100.0, -294.9472082455745, -306.143840128076], [-182.49405289216332, -334.69627708106253, -133.57482641577448], [-100.9, -257.29516901710946, -151.58895295210073], [-110.74079755521198, -120.47388596069347, -182.21580511303512], [-266.2010840999591, -204.21167883579884, -110.07441156936576]]]



[[[-154.97751006680582, -154.97751006680582, -100.9, -133.62568868223, -149.0386208478202], [-140.48201635879636, -140.48201635879633, -128.35803181642584, -27.35803181642585, -127.4855173337596], [-146.48062241969268, -133.57482641577448, -107.17485033705039, -108.06767548671334, -140.4820163587964], [-123.10982660399539, -229.11752905972804, -112.51842670089911, -120.47388596069347, -123.98671677739138], [-114.292502365924, -105.3865179865055, -100.9, -100.9, -139.62163799679317], [-175.8514984750948, -175.8514984750948, -186.50138053006415, -175.8514984750948, -178.32147235831343], [-221.5364145129424, -184.871939537199, -103.59460359910001, -127.48551733375959, -185.68706759766178], [-157.5100433141581, -149.88958222697244, -149.8895822269724, -150.73969264474545, -150.63132729464905]], [[-156.66671002418235, -156.66671002418227, -100.9, -156.66671002418227, -155.82253255673902], [-242.28395400915426, -254.31690776473516, -193.79365038647828, -192.17881583934113, -126.61212946322281], [-253.57047824297803, -252.82330154452248, -255.80752826611334, -193.79365038647828, -105.38651798650541], [-191.71115788661083, -162.55236254208967, -171.71836483695543, -34.567059531031575, -146.48062241969268], [-124.86273006061398, -124.86273006061398, -100.9, -115.17820986355808, -107.17485033705039], [-165.89713175504963, -192.17881583934113, -100.0, -168.3969388852826, -144.7710196880491], [-195.4052568793557, -111.63005675765677, -193.79365038647828, -165.89713175504966, -193.79365038647828], [-198.6188115009539, -198.6188115009539, -192.9866370235018, -63.29518265083439, -200.22077249676352]], [[-248.32450870689414, -248.3245087068941, -155.4486586643658, -132.7075339497242, -149.03862084782025], [-250.28306807345257, -254.31690776473508, -253.57047824297803, -104.49100899550092, -173.3740998256464], [-250.5772809059751, -252.82330154452254, -250.57728090597504, -27.89036299686049, -117.83002165341878], [-262.4912203460309, -241.52547948864287, -160.03498655683552, -100.0, -145.62624866836106], [-248.3245087068941, -246.81889968736917, -109.8506482034154, -248.24759320519095, -230.05682664605618], [-215.28058746682723, -214.49508254937663, -146.48062241969268, -146.48062241969268, -100.9], [-222.31487809842943, -222.76657165030252, -197.01364177085387, -111.63005675765677, -210.55574784060516], [-202.61771164136994, -202.61771164136994, -51.83961637231022, -154.13164170851434, -205.80245968980606]]]



Episode = 200

[[[-179.1431508859551, -222.31487809842946, -104.4910089955009], [-151.58895295210073, -215.28058746682728, -104.4910089955009], [-143.91493462267175, -121.35341207473277, -100.0], [-165.8971317550496, -327.08971014975606, -100.0], [-124.86273006061398, -131.83937332304725, -181.6032596836068], [-144.82708050968134, -347.2239229882117, -148.18680765547572], [-224.45038109451667, -142.20019280809518, -210.55574784060516], [-248.93211325024822, -190.5607467721386, -201.02055172426674]], [[-156.31583545504762, -240.76624573437724, -123.10982660399537], [-296.35660877629147, -126.6121294632228, -470.7034314261268], [-144.77101968804914, -141.34153434243763, -269.8206465630392], [-135.30681033776943, -430.2679794590147, -464.5352345765617], [-108.06767548671334, -100.0, -105.38651798650541], [-100.9, -223.86947065711072, -180.7840437273341], [-116.06303165369452, -109.8506482034154, -198.61881150095394], [-100.0, -130.1004441108248, -294.9472082455743]], [[-504.23770668098297, -503.2446928219339, -402.741448129112], [-218.4147599385777, -134.44125158935879, -161.71407661870833], [-298.56024445928864, -100.0, -141.34153434243763], [-123.10982660399536, -349.180293543792, -380.31694922654134], [-100.9, -220.75717168462705, -310.9862865285174], [-109.85064820341539, -177.49897132964304, -307.53085859166004], [-176.67564697661973, -100.9, -248.39106948514853], [-145.62624866836103, -292.11993242486693, -379.0757215940078]]]



[[[-154.97751006680582, -154.97751006680582, -123.10982660399537, -104.4910089955009, -159.1941807375731], [-158.3525332708439, -151.58895295210073, -142.2505487345953, -123.10982660399537, -135.30681033776938], [-146.48062241969268, -133.57482641577448, -153.28492663514942, -100.0, -105.38651798650541], [-137.89829669188023, -229.11752905972804, -137.03533202390418, -120.47388596069347, -100.0], [-138.76039839518836, -142.20019280809515, -124.86273006061407, -125.73786733055336, -118.71219163176536], [-192.98663702350177, -192.17881583934113, -170.88925409104647, 39.08747375771608, -113.4059082741982], [-221.5364145129424, -219.19634517863912, -199.42019268945296, -113.40590827419821, -135.30681033776935], [-157.5100433141581, -156.66671002418227, -154.1316417085143, -225.42095558526714, -135.30681033776935]], [[-174.20072572582072, -210.55574784060514, -112.51842670089911, -112.51842670089911, -131.83937332304725], [-242.28395400915426, -254.31690776473516, -123.10982660399537, -238.48398146531275, -209.76551335395914], [-270.55082591647613, -263.21605346922786, -288.5698890605342, -187.31487914953408, -153.28492663514947], [-191.71115788661083, -261.74027227350257, -189.75049726940802, -201.02055172426677, -143.05799261528705], [-201.81953117254247, -175.85149847509476, -143.05799261528705, -112.51842670089911, -100.0], [-173.37409982564637, -192.17881583934113, -138.7603983951884, -123.98671677739138, -100.9], [-195.4052568793557, -204.21167883579884, -182.42165642392314, -133.57482641577448, -109.8506482034154], [-208.18267051231328, -208.18267051231325, -188.12756427038454, -188.12756427038457, -100.0]], [[-265.42419569376443, -264.4002117631992, -240.00625198636362, -240.76624573437724, -139.76624573437724], [-259.52105613827, -267.6257201138461, -133.57482641577448, -265.42419569376443, -164.22642036936801], [-250.5772809059751, -252.82330154452254, -127.48551733375959, -266.1587714980707, -100.0], [-262.4912203460309, -241.52547948864287, -197.01364177085387, -137.89829669188023, -116.94696862204083], [-248.3245087068941, -246.81889968736917, -189.75049726940802, -232.81020374547487, -100.9], [-232.36434710654112, -234.66495192589844, -181.60325968360678, -181.93285884260487, -252.74684638363428], [-236.19485668699852, -236.19485668699855, -223.86947065711072, -197.01364177085387, -100.9], [-240.00625198636362, -287.8577468073416, -245.31027492694815, -240.00625198636357, -165.06219394899864]]]



Episode = 240

[[[-100.9, -353.72238703107456, -266.7519600078773], [-175.8514984750948, -108.06767548671334, -100.0], [-100.0, -118.71219163176536, -170.88925409104647], [-108.06767548671334, -100.0, -175.02652500009486], [-100.9, -137.89829669188023, -184.05599553273177], [-106.28113146851892, -59.09955320885978, -110.74079755521198], [-105.38651798650541, -104.49100899550092, -102.69730090000002], [-143.05799261528705, -228.51462738620114, -271.2802750905596]], [[-151.58895295210073, -113.40590827419821, -513.0859793590845], [-458.6096278018509, -246.81889968736914, -233.13198275943458], [-107.17485033705039, -273.46424883483303, -165.06219394899873], [-151.53205979515397, -112.51842670089913, -113.40590827419823], [-116.06303165369452, -100.0, -115.17820986355808], [-131.83937332304725, -111.63005675765677, -100.0], [-155.82253255673902, -299.8677963314141, -116.06303165369452], [-100.0, -252.82330154452256, -216.8492415724811]], [[-29.970343666713973, -148.70726035446464, -231.5959430495907], [-247.5720807876818, -170.18966002690325, -69.18966002690325], [-341.4084791498413, -275.6416772076107, -100.0], [-103.59460359910001, -157.51004331415808, -223.8694706571107], [-100.9, -269.820646563039, -336.0262192231775], [-105.38651798650542, -332.0283958227602, -362.0737707199984], [-415.25309093032286, -268.35809439373224, -41.0179653518465], [-228.5146273862011, -265.42419569376443, -130.1004441108248]]]



[[[-167.56450338867128, -233.13198275943455, -100.9, -180.78404372733408, -179.96400773506917], [-158.3525332708439, -151.58895295210073, -135.30681033776935, -135.30681033776935, -100.0], [-149.88958222697244, -156.66671002418224, -150.7396926447455, -100.0, -150.73969264474547], [-137.89829669188023, -229.11752905972804, -129.22967378460942, -137.89829669188026, -100.0], [-138.76039839518836, -142.20019280809515, -100.9, -110.74079755521198, -127.48551733375957], [-192.98663702350177, -192.17881583934113, -170.88925409104647, 119.51602575520323, -204.21167883579884], [-232.3643471065411, -254.31690776473508, -139.62163799679317, -102.69730090000002, -104.49100899550092], [-231.5959430495907, -180.7840437273341, -106.26740709147845, -175.0265250000949, -172.54664647211848]], [[-174.20072572582072, -210.55574784060514, -103.59460359910001, -148.18680765547572, -149.03862084782025], [-242.28395400915426, -254.31690776473516, -175.8514984750948, -248.3245087068941, -156.6667100241823], [-270.55082591647613, -263.21605346922786, -252.82330154452254, -107.17485033705039, -207.39006057288617], [-279.9769762458286, -261.74027227350257, -151.58895295210073, -193.3269272819955, -116.06303165369454], [-201.81953117254247, -175.85149847509476, -144.77101968804908, -100.0, -123.98671677739138], [-173.37409982564637, -192.17881583934113, -200.22077249676354, -129.22967378460942, -100.0], [-195.4052568793557, -204.21167883579884, -111.63005675765677, -117.83002165341878, -185.68706759766178], [-208.18267051231328, -208.18267051231325, -162.55236254208967, -162.55236254208967, -100.0]], [[-265.42419569376443, -264.4002117631992, -224.69111727166467, 7.262655956253454, -245.61421687397043], [-275.64167720761077, -274.91659380141215, -188.12756427038457, -87.50230518228112, 12.585197122901164], [-289.99203785230225, -298.1710637251157, -176.67564697661967, -282.14723614425225, -100.0], [-266.8926127265726, -278.5347672455524, -216.06530687936043, -283.56989833099266, -101.79910000000001], [-248.3245087068941, -246.81889968736917, -239.24549748384746, -192.98663702350177, -100.9], [-257.2951690171094, -268.2832288368683, -105.3865179865054, -251.32670362506906, -266.1587714980706], [-292.82781249244204, -260.2615350821318, -270.550825916476, -125.73786733055337, -219.97714883346052], [-247.5720807876818, -287.8577468073416, -199.42019268945296, -103.59460359910001, -92.83017421796451]]]



